$ 1 0.000005 10.20027730826997 50 5 50 5e-11
w 1184 800 1184 752 0
w 896 800 896 752 0
p 896 800 1088 800 3 0 0
w 1184 752 1184 688 0
w 1088 752 1088 688 0
w 992 752 992 688 0
w 896 752 896 688 0
p 1088 752 1184 752 2 0 0
p 992 752 1088 752 2 0 0
p 896 752 992 752 2 0 1
R 896 688 832 688 0 0 40 5 0 0 0.5
r 896 688 992 688 0 200
r 992 688 1088 688 0 400
r 1088 688 1184 688 0 400
g 1184 800 1184 816 0 0
x 933 663 948 666 4 12 R1
x 1029 664 1044 667 4 12 R2
x 1126 664 1141 667 4 12 R3
w 1088 800 1088 752 0
x 1126 734 1142 737 4 12 U3
x 1029 734 1045 737 4 12 U2
x 933 733 949 736 4 12 U1
x 1142 968 1157 971 4 12 R3
x 1045 968 1060 971 4 12 R2
x 949 967 964 970 4 12 R1
g 1200 1056 1200 1072 0 0
r 1104 992 1200 992 0 400
r 1008 992 1104 992 0 400
r 912 992 1008 992 0 200
R 912 992 848 992 0 0 40 5 0 0 0.5
w 1200 1056 1200 992 0
