$ 1 0.000005 10.20027730826997 50 5 50 5e-11
b 787 666 834 695 0
x 787 708 797 711 4 10 IG
r 864 576 864 656 0 470
w 864 576 976 576 0
w 864 688 976 688 0
v 768 688 768 608 0 0 40 9 0 0 0.5
w 768 576 864 576 0
w 864 688 768 688 0
w 864 656 864 688 0
x 906 663 917 666 4 12 I1
b 901 681 857 652 0
b 1013 681 969 652 0
x 1018 663 1029 666 4 12 I2
w 976 656 976 688 0
w 976 688 1088 688 0
w 976 576 1088 576 0
r 976 576 976 656 0 560
b 1125 681 1081 652 0
x 1130 663 1141 666 4 12 I3
w 1088 656 1088 688 0
r 1088 576 1088 656 0 680
w 768 608 768 576 2
